-0.3125
0 0
0.0
1.06081592064 1.35553119526
0.806451612903
0.699523531363 0.632090097796
1.29032258065
0.861912969764 0.643877371105
1.61290322581
1.13429230133 1.04129439197
1.93548387097
0.832191718152 0.972243030972
2.09677419355
1.16474720756 0.809655180937
2.25806451613
1.06408998612 0.872936919011
2.41935483871
1.0694105152 0.85050169545
2.58064516129
0.932084005951 0.881095289276
2.74193548387
1.00354178993 1.03311520311
2.90322580645
1.08553261182 1.10747241981
3.06451612903
1.01078877487 1.02327205614
3.22580645161
0.978057226502 1.14823583762
3.38709677419
0.77351160891 1.11831325448
3.54838709677
0.870121601762 1.00696604677
3.70967741935
1.02981802489 1.01840881866
5.0
0 0
