-61.5384615385
0 0
0.0
0.826629956947 0.602854701552
25.8064516129
1.08161625728 1.10568824333
51.6129032258
0.970996394881 0.862248367167
77.4193548387
1.29697372059 0.98598757776
103.225806452
1.11199568007 1.08799220585
129.032258065
1.0204667684 1.06389515269
154.838709677
0.893318685965 0.856124980715
180.64516129
0.985940407888 1.00627820398
206.451612903
0.863612911092 0.995794015145
232.258064516
1.03477231764 1.06755109986
283.870967742
1.01312568852 1.09557240615
335.483870968
0.861912933997 1.08134420222
412.903225806
0.84445246807 0.98332179135
800.0
0 0
