-4.375
0 0
20.0
1.05050750679 0.966434737693
32.380952381
1.03201461466 1.0169461676
44.7619047619
1.09561236269 0.942738691168
57.1428571429
0.994732933718 0.923676924829
69.5238095238
1.05011306831 0.950141494964
81.9047619048
1.07051572792 0.917531858977
94.2857142857
1.00111340191 0.909690374226
106.666666667
1.02917391018 0.940184852265
119.047619048
1.02869613792 0.965809400717
131.428571429
1.0659104134 0.979771136963
143.80952381
1.01187420129 1.02403747133
156.19047619
1.03158349504 0.988213233162
168.571428571
1.09029851768 1.04588140411
180.952380952
1.02071255977 0.955427647034
193.333333333
1.0119968009 1.00610608545
205.714285714
1.00510935167 1.02243487919
218.095238095
0.951805242993 1.02533228783
230.476190476
0.957530947163 1.02693025606
242.857142857
0.996863506807 0.955865407785
255.238095238
0.958974901102 1.00328926781
267.619047619
0.957101931771 1.09268672592
280.0
1.04360279885 1.06039978454
292.380952381
1.0021168167 1.13315464151
317.142857143
0.917148778854 1.07068028538
341.904761905
0.946454251002 1.07102158077
366.666666667
0.979233588685 1.03121242704
391.428571429
0.964856103305 1.10422961481
428.571428571
0.891916789813 1.01242501346
478.095238095
0.978661252851 1.11341983701
527.619047619
0.888687825755 1.08411095393
601.904761905
0.833402636886 0.972669792739
762.857142857
0.861379890099 1.09476841912
800.0
0 0
