-5.58823529412
0 0
-5.0
0 0
-3.38709677419
0.889462602193 1.062142238
-2.74193548387
0.97838766045 0.910862030872
-2.41935483871
0.893318587987 0.923901468025
-1.77419354839
1.02969865772 0.951582913706
-1.45161290323
1.0953476849 0.874211675542
-1.12903225806
1.31184227892 1.03071524752
-0.806451612903
1.02574765471 0.968476645387
-0.483870967742
0.844500535649 0.874420340509
-0.161290322581
0.922993336482 0.915784016644
0.161290322581
1.08566602256 1.09223325421
0.806451612903
1.11090993895 0.895780211603
1.12903225806
0.973210985171 1.23035828615
1.45161290323
1.14921721428 1.19926853712
1.77419354839
1.2719491741 1.18049663894
2.09677419355
0.845562260325 1.01361768762
2.74193548387
0.931987126099 0.977800864184
5.0
0 0
