-0.241379310345
0 0
0.0
0.889255186794 1.08683341461
0.111111111111
1.01031642157 1.04456325314
0.222222222222
0.942119741934 1.01164565162
0.333333333333
1.02321517828 1.05630530118
0.444444444444
0.905342460323 0.996583014254
0.555555555556
0.955014810809 1.0072672917
0.666666666667
1.0005796821 0.992675336477
0.777777777778
1.04364781868 1.06012546134
0.888888888889
1.00400032316 0.997051621645
1.0
1.02910684992 0.958130959504
1.11111111111
1.00317832789 1.01387877697
1.22222222222
1.02267031415 1.00029095871
1.33333333333
1.02418944795 1.01810373039
1.44444444444
1.03797941438 1.00955241449
1.55555555556
1.02941276474 0.955563118801
1.66666666667
1.08822804688 0.986987104825
1.77777777778
1.00403462966 0.966325298792
1.88888888889
0.970691081141 0.911957111802
2.0
1.06528633528 1.0136470549
2.11111111111
1.12929174526 1.06151844073
2.22222222222
0.985301080684 0.88078761598
2.33333333333
1.01561900436 1.0035640649
2.44444444444
1.16728912347 0.958638860974
2.55555555556
0.965119339281 0.994670873938
2.66666666667
0.90732055011 0.914723268825
2.77777777778
0.983302577951 0.926832178461
2.88888888889
0.960697199362 0.937885681065
3.11111111111
1.0443926155 1.02108131278
3.44444444444
0.998785139449 0.924312717963
7.0
0 0
