-41.6666666667
0 0
0.0
0 0
16.1290322581
1.12694556171 1.18845413821
32.2580645161
0.999431552958 1.13849388731
48.3870967742
0.854285402623 1.10461806106
64.5161290323
0.94776081898 1.09873630813
80.6451612903
0.899128466956 1.04544466047
96.7741935484
0.98277885928 0.929707439604
112.903225806
0.997729483514 0.616766681235
145.161290323
0.975594446175 0.722624848991
177.419354839
1.29065938708 0.725209191499
225.806451613
1.19832911439 0.948871877395
322.580645161
0.954260791139 0.959764549476
500.0
0 0
