-50.0
0 0
0.0
0.811212149879 0.881095324415
38.0952380952
0.878330347229 0.849627581514
76.1904761905
1.34764317503 0.931805745308
101.587301587
0.884476050967 0.862642989846
126.984126984
1.42713254793 0.984753579401
152.380952381
1.03168366825 1.05631310485
177.777777778
0.934528286436 0.861730583996
203.174603175
0.989199637348 0.953590484323
228.571428571
0.998724516688 0.980742905574
253.968253968
0.990094819624 1.00309309171
279.365079365
0.967420097715 1.18972741914
317.46031746
1.09006633119 1.32164294832
355.555555556
0.822132268376 0.9149835179
393.650793651
0.81611079277 0.900249587401
444.444444444
0.927299396964 1.13023256009
533.333333333
0.945214230514 1.08963854574
800.0
0 0
