-43.75
0 0
0.0
0.994176776151 0.874135952069
111.111111111
1.10411066535 0.90791308734
133.333333333
1.04530491448 0.940842896796
155.555555556
1.04302628015 0.973026127491
177.777777778
1.04113155521 0.929172009474
200.0
1.0245963416 0.91718909206
222.222222222
1.07760648866 0.908269024285
244.444444444
1.09702826506 0.974553542478
266.666666667
1.02095120122 0.971296597176
288.888888889
1.04181889273 0.982315331908
311.111111111
1.09112998523 1.00458623098
333.333333333
1.03862071391 1.04533349533
355.555555556
0.957417108749 0.960160181062
377.777777778
0.97017748288 1.00025507845
400.0
1.07253248617 0.998291511374
422.222222222
0.9851386981 0.968945667674
444.444444444
0.956229138617 1.03336757759
466.666666667
0.905704728253 0.967373178015
488.888888889
0.943915814634 1.06655245229
511.111111111
0.941781403231 1.00007181682
533.333333333
0.924557662554 1.02439518009
555.555555556
1.04483716803 1.09654796071
577.777777778
0.963932662909 0.984289316414
622.222222222
0.954947308364 1.11957178473
666.666666667
1.04356942911 1.11740187876
711.111111111
0.938635342475 1.11643255898
755.555555556
0.965442054675 1.09206481328
822.222222222
0.967299841115 1.0680482437
888.888888889
0.885104112057 1.10831535731
977.777777778
0.798433589319 1.06833423207
1111.11111111
0.877046346812 1.07962025897
1377.77777778
0.835613210643 1.09354236657
1400.0
0 0
