-0.277777777778
0 0
0.0
1.21886679839 0.667496437006
0.806451612903
1.05966787053 0.766667292328
1.12903225806
1.02824698471 0.881095275914
1.45161290323
1.01946690803 0.795827979862
1.61290322581
1.04147808614 0.908629476103
1.77419354839
1.13502936976 1.05513879437
1.93548387097
0.986592191387 0.831221978964
2.09677419355
1.13167191292 1.08959870435
2.25806451613
1.0271128652 0.875588379174
2.41935483871
0.999319334902 1.04869492347
2.58064516129
0.962980371729 0.92636892381
2.74193548387
0.899018612538 1.07942296207
2.90322580645
0.887115068933 1.07277212648
3.06451612903
1.04644167306 1.02078110372
3.22580645161
1.23935192299 1.22662282716
3.38709677419
1.13068147154 1.23637562295
3.54838709677
0.964774971263 1.13128284042
3.87096774194
0.61565210365 0.896829077258
5.0
0 0
