-33.3333333333
0 0
0.0
0.873405077838 0.704876204316
25.8064516129
0.99283640823 0.928496021805
38.7096774194
1.07336125709 1.07010906476
51.6129032258
0.931198442899 0.923591836038
64.5161290323
0.986301374308 0.951988025234
77.4193548387
0.87627817369 0.866410398757
90.3225806452
0.956610986371 1.02384256171
103.225806452
1.06494125312 0.857599372508
116.129032258
1.05773725198 1.07835541198
141.935483871
0.944562066845 1.06817711423
167.741935484
1.2769080129 1.42933239397
206.451612903
1.05872761488 1.23492087836
400.0
0 0
