-0.307692307692
0 0
0.0
0.876176250379 1.08418456431
0.129032258065
1.00419172097 1.0950514908
0.258064516129
0.958084273252 0.988681646999
0.387096774194
0.967952667826 0.894992738275
0.516129032258
1.04982547291 0.971586126268
0.645161290323
1.29870893635 1.06734305386
0.774193548387
1.05908255841 0.872457047922
0.903225806452
0.962857636881 1.07160235617
1.03225806452
1.14921725177 0.915648012809
1.16129032258
0.937519299097 0.881095275914
1.41935483871
1.35033033073 1.14542388257
1.67741935484
1.43652163564 0.79298576051
2.1935483871
0.659386927061 0.765541782676
4.0
0 0
