-66.6666666667
0 0
0.0
0.707210583768 0.92627958593
225.806451613
0.953327906444 0.760945929191
270.967741935
1.15766728855 0.945881686309
316.129032258
1.07601868641 0.841810780956
361.290322581
1.13389425519 0.939834881695
406.451612903
1.22195249834 0.953590435074
451.612903226
1.00115860712 0.945961191208
496.774193548
0.942771007045 1.02354786641
541.935483871
0.839812565054 0.926279604262
587.096774194
0.841680239113 0.850070789507
632.258064516
1.14921723495 1.18295205458
677.419354839
1.10958903526 1.29632400051
722.580645161
1.09637965973 1.12415603574
767.741935484
1.07586297595 0.965455474316
812.903225806
0.820869457131 0.984080401929
858.064516129
1.14921717513 1.18252260228
948.387096774
0.896389415985 1.1366128607
1038.70967742
0.632715087687 0.950394926097
1129.03225806
0.832191776447 1.27606896462
1219.35483871
0.886539032928 0.830746989954
1354.83870968
1.00161136416 1.22059996859
1400.0
0 0
