-0.318181818182
0 0
0.0
0.982364651015 0.982792556913
0.888888888889
1.04888374347 0.868894052112
1.44444444444
1.1219697845 0.927121605448
1.77777777778
1.06646764633 0.861184078087
2.0
1.08349629136 0.893200290377
2.22222222222
1.05791631885 0.859498225875
2.33333333333
1.03039884757 0.914450814147
2.44444444444
1.13227031889 0.846505272691
2.55555555556
1.03047693983 0.884714108143
2.66666666667
1.02585753379 0.945714019275
2.77777777778
1.01377545934 0.911055251742
2.88888888889
1.05239369643 1.0048141189
3.0
1.03900516895 1.03452371793
3.11111111111
0.968296167005 1.04185304373
3.22222222222
0.959448404833 1.06489029464
3.33333333333
0.98980902061 1.03808420246
3.44444444444
0.888922508952 0.982271640808
3.55555555556
0.94332026759 1.05436374959
3.66666666667
0.856002679402 1.00359756114
3.88888888889
0.973107486367 1.0542014261
4.11111111111
0.930387633036 1.06186383277
4.44444444444
0.90873270544 1.11234551462
7.0
0 0
