-53.3333333333
0 0
0.0
0.89383563255 0.83214559734
25.8064516129
0.830359308477 0.75376940834
77.4193548387
1.27882811844 0.914219091758
103.225806452
1.25792699034 0.893002009344
129.032258065
1.04361354008 0.981111518342
154.838709677
1.05457585182 0.9121927985
180.64516129
1.10889380322 1.06658898165
206.451612903
0.97820279159 1.10136916307
232.258064516
0.844452405146 0.954114231892
258.064516129
0.966927585031 0.893248289573
283.870967742
0.843310506829 1.09661499539
309.677419355
1.00361498321 1.04455637328
361.290322581
0.995500227308 1.11119016174
412.903225806
0.911878892916 1.16362042397
516.129032258
0.965047775896 1.10136904468
800.0
0 0
