-73.6842105263
0 0
0.0
0.967761873499 1.11296241476
135.483870968
0.85932457344 0.777903871703
180.64516129
1.06137891753 0.920379737884
225.806451613
1.16242660837 0.860840178771
270.967741935
1.2137800321 1.00979456128
316.129032258
1.07140563611 0.986643125742
361.290322581
0.931797794047 1.04302632828
406.451612903
1.01787811733 0.996896321909
451.612903226
0.911959478673 0.903833158989
496.774193548
0.832766063427 0.874710507101
541.935483871
1.01215468461 1.10743171757
587.096774194
1.12600064468 1.31719295059
632.258064516
1.35033029508 1.02427327673
677.419354839
0.93813651027 0.719261409597
722.580645161
1.13827234694 1.40975245143
812.903225806
0.826403402491 1.24739324077
903.225806452
0.625912971206 0.904696048412
1038.70967742
0.733837512199 1.00848259342
1219.35483871
1.02152643517 1.13563387928
1400.0
0 0
