-63.1578947368
0 0
0.0
1.31339100999 1.2587074744
154.838709677
0.985043329884 1.10995117045
193.548387097
1.10155379026 1.11253503592
232.258064516
0.814178972487 0.98329125114
270.967741935
1.04056391402 0.948378862285
309.677419355
0.945558471267 0.996344016056
348.387096774
1.04928532119 1.13010045786
387.096774194
1.14921724111 1.00124462492
425.806451613
1.02520095376 0.950822206467
464.516129032
1.07186609708 1.1691456152
503.225806452
1.25251763205 0.920695036527
541.935483871
0.839315903442 0.890995185129
580.64516129
1.16745876137 0.965009101038
619.35483871
0.653864955801 0.941860423733
658.064516129
0.818982403012 0.89122282309
735.483870968
1.09078242335 1.03043340579
812.903225806
1.23014804464 0.85627567411
967.741935484
0.988326803714 1.1630458521
1161.29032258
0.870121638356 0.755224527466
1200.0
0 0
