-15.3846153846
0 0
0.0
0.970163590285 1.0007336531
6.34920634921
1.00685089375 1.02158180471
12.6984126984
1.00527309562 0.980736439446
19.0476190476
1.02658022786 1.00343376575
25.3968253968
1.02088428708 0.962189261223
31.746031746
0.910260949774 0.916372498386
38.0952380952
1.07844166114 1.02542580065
44.4444444444
1.03693805994 1.00624565477
50.7936507937
1.02444284658 0.991378610972
57.1428571429
1.06903389059 1.01423668685
63.4920634921
1.00629999189 0.946381620756
69.8412698413
0.975004358923 0.987217759754
76.1904761905
1.02830714919 0.959283691749
82.5396825397
0.975501916036 0.969497816682
88.8888888889
1.02148969988 1.12905294654
95.2380952381
1.05387813745 1.06979817558
101.587301587
1.01581236935 1.01770663887
107.936507937
0.982487126773 1.00939366407
114.285714286
0.983527075729 1.03127449424
120.634920635
0.957718478348 1.06435192109
133.333333333
0.917498346551 0.949553192085
146.031746032
0.955504464189 0.983319616274
165.079365079
1.00070974251 1.03049762875
184.126984127
0.859857526353 1.05995548159
215.873015873
0.94518116837 1.13025294171
273.015873016
0.935904234523 1.0637077374
400.0
0 0
