-0.357142857143
0 0
0.0
0.811212139638 0.621949611559
1.12903225806
1.1149121563 0.867944547905
1.77419354839
0.953009392861 0.816624910901
2.09677419355
1.31010767661 1.19828967144
2.25806451613
1.21306262597 0.795433244297
2.41935483871
0.890643358548 0.748930978847
2.58064516129
1.10529809902 1.02700913677
2.74193548387
1.01748873844 0.846269353867
2.90322580645
1.04729109514 0.980731295457
3.06451612903
1.01936223532 1.12003641774
3.22580645161
0.909796943881 1.21966426979
3.38709677419
0.885322875364 0.939834948914
3.54838709677
0.775967185935 1.076894177
3.87096774194
0.89782595876 1.04630066732
5.0
0 0
