134.146341463
0 0
150.0
0.978076619813 0.883347932867
211.904761905
1.02029459187 0.875348069829
232.53968254
1.13530975496 0.930123282659
242.857142857
1.05731401148 0.975098735877
253.174603175
1.09725582059 1.00938929036
263.492063492
1.02279429993 0.900937360168
273.80952381
1.11248980116 0.891010334455
284.126984127
1.01131992095 0.896431891174
294.444444444
1.06505769735 0.894159926798
304.761904762
1.11124952958 1.03660485621
315.079365079
0.958457864254 0.933022470943
325.396825397
1.0170229129 0.94101066495
335.714285714
1.08545229903 0.995431361555
346.031746032
1.04287544754 0.895266436547
356.349206349
1.01467109748 0.978041403484
366.666666667
1.09410474894 0.993971138417
376.984126984
1.06168789726 0.96516063811
387.301587302
1.1272003886 0.97607929355
397.619047619
1.00822934236 0.996564521557
407.936507937
0.946848327328 0.846090777616
418.253968254
1.23992048335 1.13091347819
428.571428571
1.11113034303 1.01685808141
438.888888889
0.986300360683 0.867631999786
449.206349206
1.12720041837 0.948692808369
459.523809524
1.03247768392 0.930988442677
469.841269841
1.07253248316 1.03311568457
480.158730159
1.05345833721 0.957107459917
490.476190476
1.04608671743 1.10378650112
500.793650794
0.967384015303 0.997478356301
521.428571429
0.876077206173 0.977686039464
542.063492063
0.920196620482 1.00958311766
562.698412698
0.930715972242 0.990141632552
583.333333333
0.907170879287 0.918134107099
603.968253968
0.970012849059 1.06366576475
624.603174603
0.95225182947 1.02698099556
645.238095238
1.00221305815 1.02348994378
665.873015873
1.03790049573 1.08940335658
696.825396825
1.08701505302 1.15278962059
727.777777778
1.02199494721 1.0323823341
758.73015873
0.888499064881 1.04632075884
789.682539683
0.905122333413 1.0857657341
800.0
0 0
