-9.67741935484
0 0
0.0
0.998838058108 1.03357357865
4.7619047619
0.969720785728 1.04581115831
9.52380952381
1.01714707009 0.976103104991
14.2857142857
1.00486370076 0.981254347759
19.0476190476
1.00458043588 1.00586808106
23.8095238095
1.07509305801 1.00445816255
28.5714285714
0.978303356275 0.931369485622
33.3333333333
0.888087157989 0.903224524989
38.0952380952
1.06651021719 1.02090956483
42.8571428571
1.05826972493 1.04556334249
47.619047619
1.0303288167 0.961411714335
52.380952381
1.03252823799 1.00341078011
57.1428571429
1.0952494478 1.04096472014
61.9047619048
1.00816458993 0.922026028838
66.6666666667
0.960718147953 0.938643132774
71.4285714286
1.00727958864 1.03840096868
76.1904761905
1.05037885895 0.983765571782
80.9523809524
0.963266557312 0.910076858257
85.7142857143
1.03005761062 1.07399057059
90.4761904762
0.989852367865 1.11183558847
95.2380952381
1.11277174436 1.06760205038
100.0
0.937348027865 1.02577153155
104.761904762
1.01501284216 1.0202025426
114.285714286
1.00493879743 1.06350593827
123.80952381
0.923312740183 1.03819387945
133.333333333
0.915026781667 0.928276651785
147.619047619
0.988109379508 1.03810233729
161.904761905
0.948063983665 0.980554777825
185.714285714
0.891634858952 1.11691249436
219.047619048
0.956912812543 1.11545822526
276.19047619
0.920914538426 1.05631405117
300.0
0 0
