-24.2424242424
0 0
0.0
1.13870241086 0.726588368024
12.6984126984
1.07832450721 0.919441786021
25.3968253968
0.965186937807 0.879983644115
38.0952380952
1.04668611278 0.965935085198
50.7936507937
1.04273856891 0.977978405059
63.4920634921
0.986841833093 0.934298605119
76.1904761905
1.04440679252 0.978721275823
88.8888888889
1.03901266889 0.914573603229
101.587301587
1.06403128188 1.01208491368
114.285714286
1.04869305911 0.974057050949
126.984126984
1.02419909615 0.952536624521
139.682539683
1.05542116493 0.969429658149
152.380952381
1.04042090875 0.964618902335
165.079365079
1.21785705851 1.0560711575
177.777777778
1.04873845599 0.956800410321
190.476190476
0.958582334597 0.956160863964
203.174603175
0.965989016847 1.03073966739
215.873015873
1.01938128698 1.05832888214
228.571428571
0.97448286036 0.977152461317
241.26984127
0.935670548156 0.983555176506
253.968253968
0.964838734242 1.08736342733
266.666666667
0.871727653638 0.98989346765
279.365079365
0.925405008186 0.981624642041
292.063492063
1.05804698016 1.1032466166
304.761904762
0.957598465837 1.12470813029
330.158730159
0.853392189745 0.948238100709
355.555555556
1.00110681 1.16144028304
380.952380952
0.986562796566 1.06235200268
406.349206349
1.0143011514 1.16534091821
444.444444444
0.924304360714 1.07586374315
495.238095238
0.843524111277 1.06080652917
571.428571429
0.859508433782 0.992567011761
711.111111111
0.857881006047 1.10816440327
800.0
0 0
