-0.333333333333
0 0
0.0
1.16636968192 1.15725942529
0.161290322581
1.02681541343 1.23040519766
0.322580645161
0.969651984392 1.05180743025
0.483870967742
1.03527221856 0.980936109267
0.645161290323
1.04134841962 1.20236101754
0.806451612903
0.942270038221 0.867591890315
0.967741935484
1.08201153806 1.12326759612
1.12903225806
1.0206862842 0.898485266053
1.29032258065
1.14921723258 0.984286669608
1.45161290323
0.993594105975 0.76178028668
1.61290322581
0.75965209217 0.92589677285
1.77419354839
0.846791613489 0.89964463513
2.09677419355
1.0694105152 0.893332721725
2.41935483871
0.91415007649 0.590734377125
2.90322580645
0.713307223448 0.92666921486
5.0
0 0
