-3.52941176471
0 0
0.0
0.626845719004 1.00124463176
2.85714285714
1.00675226725 1.08498510245
4.7619047619
0.962857586587 1.04778888115
5.71428571429
1.02608672962 1.06990137894
6.66666666667
1.11501424817 1.31639826867
7.61904761905
0.921970908761 1.13994812387
8.57142857143
0.948104242593 0.958191203789
9.52380952381
0.85774907417 1.18117840681
10.4761904762
0.988111968233 1.27635292663
11.4285714286
0.948104142743 1.0573142948
13.3333333333
1.01862432638 0.806001943149
15.2380952381
0.836562536117 0.790394285519
17.1428571429
1.21157785426 0.976718079736
20.0
1.25695637258 0.798492573521
22.8571428571
0.9528320286 0.713798717444
28.5714285714
1.10787840601 0.792351846399
40.0
1.01911709498 0.930968585582
60.0
0 0
