-5.41666666667
0 0
-5.0
1.17193053433 0.914171653213
-4.03225806452
0.991537378132 0.89553817199
-3.38709677419
1.07415570381 0.988830597029
-3.06451612903
1.0726821629 0.929697891296
-2.74193548387
0.981873334027 1.00471182859
-2.41935483871
0.998102256819 0.985208586529
-2.09677419355
1.05560569093 1.01280441998
-1.77419354839
0.9672154375 0.97778502216
-1.45161290323
0.983090009669 1.02434354162
-1.12903225806
1.01823059153 1.07751115002
-0.806451612903
1.00443603491 1.04040305485
-0.483870967742
0.989976063491 0.993809408646
-0.161290322581
0.928574793071 1.04648304231
0.161290322581
0.931165565136 0.989979251631
0.483870967742
0.937577924425 0.978637396041
0.806451612903
1.01358527306 1.01119252421
1.12903225806
1.02949080383 1.04188000601
1.45161290323
0.975575634894 0.949298827108
1.77419354839
1.00881108779 1.0204988584
2.09677419355
1.00937464982 1.05954720133
2.41935483871
1.05157349638 0.937632613135
2.74193548387
1.07916145964 1.02514731051
3.06451612903
1.0298882033 0.939163407459
3.70967741935
1.04636531314 0.842719920222
5.0
0 0
