247.727272727
0 0
250.0
1.08299640731 0.987370557327
255.555555556
1.04129366652 0.947990079388
258.73015873
0.985354807511 0.979675233541
261.111111111
1.02457468399 0.962745535906
262.698412698
0.884523489044 0.928732836167
263.492063492
0.956124466413 0.993107390477
264.285714286
1.02829768278 1.02363199603
265.079365079
1.00264219149 0.949408772172
265.873015873
1.00936963093 0.993861724669
266.666666667
0.998476878061 1.02608836988
267.46031746
0.993453304397 0.98240741428
268.253968254
1.00669238154 1.00119473695
269.047619048
0.963516484189 1.00659318954
269.841269841
1.0025668564 1.03828818447
270.634920635
1.02593723079 1.05249797619
271.428571429
0.985199592571 0.971878738293
272.222222222
1.02700477687 0.945685603978
273.015873016
0.927233822702 0.950355319979
274.603174603
1.08448542964 1.04229215433
276.19047619
1.07971300187 1.04574893848
278.571428571
1.01072961958 0.934542233503
284.126984127
1.13025515639 1.14419425206
300.0
0 0
