-5.5
0 0
-5.0
1.02122429738 1.00716570569
-3.06451612903
1.01330219708 1.08464949085
-2.74193548387
0.971724493163 0.992342360319
-2.41935483871
1.01361869843 1.03448029908
-2.09677419355
1.0013664203 0.995454024787
-1.77419354839
0.943773490498 0.988739703943
-1.45161290323
1.03307569703 0.951456130217
-1.12903225806
1.03439073317 0.996885100476
-0.806451612903
0.97026756475 0.986304044322
-0.483870967742
1.06573131718 1.00561236978
-0.161290322581
0.924696276936 0.958542912458
0.161290322581
1.02061484375 1.02805130883
0.483870967742
0.98601572499 0.949972973889
0.806451612903
0.999837373232 1.00831705126
1.12903225806
1.02423863808 1.0341509105
1.45161290323
0.98145515801 1.04051645958
1.77419354839
1.03287719746 1.014989143
2.09677419355
1.07653972896 1.01831630162
2.41935483871
0.896951358666 0.949805912436
2.74193548387
1.01799711729 0.975727771494
5.0
0 0
