-4.0
0 0
0.0
1.04474288868 1.04129438578
2.85714285714
0.891792590175 0.909290337326
4.7619047619
1.47032205174 1.09489038392
5.71428571429
1.09369943483 1.04709873108
6.66666666667
0.946691252442 0.964149357151
7.61904761905
0.851832037602 1.0202155949
8.57142857143
0.985876693083 0.903458105118
9.52380952381
1.01240566451 1.12759214881
10.4761904762
0.998724500173 0.791936819104
11.4285714286
0.868808266375 0.9868267356
13.3333333333
0.936399184502 1.0496998986
15.2380952381
0.993917601752 1.01603778203
17.1428571429
1.01745979691 0.909155612253
20.9523809524
0.883082725368 1.14078650565
26.6666666667
1.32798439619 1.21395346812
60.0
0 0
