-0.217391304348
0 0
0.0
0 0
0.483870967742
1.26133596924 1.41834843524
0.806451612903
1.10082918073 0.964567451816
1.12903225806
0.945323835341 0.952151298902
1.29032258065
1.06345471495 1.14410876054
1.45161290323
1.04591675658 0.811795610133
1.61290322581
1.45342187101 1.33460022096
1.77419354839
0.851271967985 1.17479363701
1.93548387097
0.788034646025 0.937737146179
2.09677419355
1.03003911702 0.978994707087
2.25806451613
1.07260271467 0.86347339006
2.41935483871
0.935077363894 0.946766947793
2.58064516129
0.84200069715 0.828752949136
2.74193548387
1.10501654662 0.987601293851
2.90322580645
1.04660853652 1.12759216168
3.06451612903
0.773962620714 0.755224529078
3.22580645161
0.848231819454 0.916059434194
3.38709677419
1.31555122395 1.40279636333
3.54838709677
0.86191288367 0.788348411836
3.70967741935
1.12711694376 1.38941950457
3.87096774194
1.62572187307 1.18195707527
4.03225806452
0.919373716622 1.10136903396
4.35483870968
1.2343443379 1.38690919401
5.0
0 0
