-5.45454545455
0 0
-5.0
1.00935677159 0.864368165807
-3.70967741935
1.06920134372 0.991388191384
-3.06451612903
1.01022677723 1.06492369708
-2.74193548387
1.02174150901 0.973906390807
-2.41935483871
1.03947590081 0.962745566984
-2.09677419355
1.03671625159 1.02442858429
-1.77419354839
1.00474475981 1.01520489976
-1.45161290323
0.996594359266 0.973507355264
-1.12903225806
1.0051506217 1.04616085519
-0.806451612903
0.979544401306 1.01411801528
-0.483870967742
0.993464804629 1.01716738976
-0.161290322581
0.928973654264 0.942837079793
0.161290322581
1.01889864419 1.03192549269
0.483870967742
0.982687514201 0.99403912532
0.806451612903
0.966989120247 0.97378893084
1.12903225806
1.03889741939 1.03956036239
1.45161290323
1.030325796 0.9694261646
1.77419354839
0.979725014163 1.0122373387
2.09677419355
1.00999155917 0.989688295132
2.41935483871
0.958287522439 0.989347206498
2.74193548387
1.06222395019 1.03506980798
3.06451612903
1.07217167976 0.993383288348
5.0
0 0
