120.833333333
0 0
150.0
1.08603857142 0.995373279839
183.333333333
1.08211239557 1.06770415411
188.888888889
0.925332447504 0.96257862648
194.444444444
0.977160244721 1.02402907569
200.0
0.988997065364 0.952448399414
205.555555556
1.06277512202 1.0259922467
211.111111111
1.00648919268 0.9865625752
216.666666667
1.00216444879 1.03367412116
222.222222222
0.98819103849 0.979696773584
227.777777778
1.00419167519 1.0081343459
233.333333333
0.846957220276 0.904360464212
238.888888889
1.12128335705 1.09716301833
500.0
0 0
