-5.83333333333
0 0
-5.0
0.848231739691 1.04892292961
-2.09677419355
1.04410590324 1.03689872196
-1.45161290323
0.852140664515 0.887089110426
-1.12903225806
1.10271714758 0.95749085002
-0.806451612903
1.05141157555 1.03106897425
-0.483870967742
1.00198661446 0.993975864884
-0.161290322581
0.988326799042 1.05227951316
0.161290322581
1.04095764396 0.973674077698
0.483870967742
0.898478968022 0.917140094456
0.806451612903
1.08497523783 1.08358297949
1.12903225806
0.97754993326 0.998087143032
1.77419354839
0.997433774013 1.05565187206
5.0
0 0
