-21.2121212121
0 0
0.0
1.83874756725 1.58597140175
44.4444444444
1.29286937006 1.06990140072
77.7777777778
0.999319301377 1.16202423865
100.0
1.33309201368 1.25702924843
122.222222222
1.07739115248 0.97287603716
133.333333333
1.12623290019 0.916339107645
144.444444444
1.0624838547 0.897719748289
155.555555556
0.925758255314 1.04018184725
166.666666667
1.49808665109 1.08563516846
177.777777778
0.725821414253 0.904282025437
188.888888889
1.12973891047 1.0005657678
200.0
0.912613663346 0.764479707824
211.111111111
0.830972434433 1.15220143379
222.222222222
0.525356476292 0.704876236092
233.333333333
1.02696001187 1.33101623206
244.444444444
0.866076751346 0.919403750633
255.555555556
0.924370389002 1.05348347895
266.666666667
0.961589902756 1.25870759524
277.777777778
1.21817025996 0.845851493329
288.888888889
0.84432286413 1.00696602658
311.111111111
0.990704469608 1.11402845572
333.333333333
1.01240566096 0.93354143271
355.555555556
1.10444254649 1.10995119871
377.777777778
0.729908234188 0.642961429387
400.0
0.81402883108 1.02794444652
422.222222222
1.09315778562 1.02078103836
455.555555556
0.945323860458 0.881095257642
477.777777778
1.43652143842 1.57862898191
511.111111111
0.99119984267 0.848054156544
555.555555556
0.802283731519 1.0473396381
588.888888889
0.900220165356 0.748930975558
633.333333333
0.949353390266 0.957712292548
688.888888889
1.06302590171 0.996738994448
700.0
0 0
