-0.28
0 0
0.0
1.10689048435 0.981106043536
0.555555555556
1.06074413275 0.866207289806
1.11111111111
0.956478811475 0.953204231977
1.44444444444
1.00144777021 0.842811240795
1.66666666667
1.14478541568 0.933116326992
1.88888888889
1.00383732149 0.877262357445
2.0
1.07242063703 0.923833817692
2.11111111111
1.05870731776 1.02096345538
2.22222222222
1.04771832498 0.861341487443
2.33333333333
1.06350995027 0.914518972178
2.44444444444
1.05172694442 0.934597018279
2.55555555556
1.10620667582 1.00753667633
2.66666666667
1.01027857618 0.974843470002
2.77777777778
1.03477569195 0.971195531385
2.88888888889
0.974246943636 0.995042356159
3.0
1.01178634838 1.08411340439
3.11111111111
0.959746393364 1.04855619374
3.22222222222
0.963756360616 0.984313586312
3.33333333333
0.901195345247 1.02317240912
3.44444444444
0.923007463478 1.04073357725
3.55555555556
0.831599718561 0.976670917601
3.66666666667
0.902780416549 1.11252923318
3.77777777778
0.985822723114 1.02939385501
4.0
0.97487606582 1.12827202687
4.33333333333
0.981916751516 1.14301371257
7.0
0 0
