-19.2307692308
0 0
0.0
2.29843440943 1.76219050498
32.2580645161
1.21681816201 0.760160640639
64.5161290323
1.28441917956 0.958838948714
80.6451612903
0.785298488504 0.763615935696
96.7741935484
1.34399975241 1.04536722976
112.903225806
0.766144848903 0.753825984033
129.032258065
0.975498389348 1.0450200043
145.161290323
0.921767952999 0.826026773679
161.290322581
1.14921713107 1.01664836656
177.419354839
1.02022349877 0.997975336788
193.548387097
1.67846191292 1.08977564127
209.677419355
1.24275816725 0.96305761884
225.806451613
0.878813126613 0.855180666667
241.935483871
1.26272017254 1.13128281842
258.064516129
0.847966061892 0.710008783594
274.193548387
0.849941899026 0.844382932373
290.322580645
0.960304856095 1.24318926395
306.451612903
0.905853519269 1.00548517387
322.580645161
0.739726076011 1.03300830812
338.709677419
0.965342494916 0.986826774812
354.838709677
0.818381937233 0.894445201827
370.967741935
0.808043364294 1.07383484544
387.096774194
0.829990219 1.16663539742
419.35483871
1.16212982105 1.06919429626
451.612903226
0.933738979744 1.05731426085
483.870967742
1.0097491383 1.1377249704
500.0
0 0
