-0.155555555556
0 0
0.0
1.16541056324 0.951301882604
0.222222222222
0.952936598065 0.972141350764
0.777777777778
1.11900253176 1.04333427662
1.11111111111
0.927658294615 0.883464498061
1.33333333333
0.851814587607 0.927968068332
1.55555555556
0.956229095232 0.868073751573
1.77777777778
1.06988509037 1.06725664913
1.88888888889
1.03154348446 1.05482751593
2.0
0.981381796752 0.892758444757
2.11111111111
0.929263179508 0.933717813772
2.22222222222
0.986840195159 1.00300957918
2.33333333333
0.983302522402 1.03080367755
2.44444444444
1.0104615086 0.97282881777
2.55555555556
0.998915048756 0.953391826399
2.66666666667
0.999885766313 0.89309972392
2.77777777778
1.05354807944 1.05547157476
2.88888888889
1.00114162807 1.0664780654
3.0
0.945184256199 0.940133078659
3.11111111111
0.94655937421 1.03532821891
3.22222222222
0.97562940767 0.965895497807
3.33333333333
1.10895436263 1.05467543792
3.44444444444
0.97546191187 0.968057204171
3.55555555556
1.012393009 0.921485082912
3.66666666667
1.00660468493 1.09927049429
3.77777777778
0.949706686706 0.976476013106
3.88888888889
1.14826953237 1.05105656806
4.0
1.08087702579 1.0691368019
4.11111111111
1.06148916969 1.03305498581
4.22222222222
1.03243586743 0.906287587505
4.33333333333
1.04849942923 1.01884088213
4.44444444444
1.00689594583 1.00098035992
4.55555555556
1.09047458477 1.12534959518
4.66666666667
1.02298239454 1.07618688524
4.77777777778
0.954989293221 0.946306161225
4.88888888889
1.12995630674 1.02614794019
5.0
0.896175072193 0.909409874228
5.11111111111
0.981630513822 0.992810376594
5.33333333333
0.996376420275 1.00859543201
5.55555555556
0.884234996948 0.99262659363
5.77777777778
0.986116637619 1.0769043507
6.0
0.957580690542 1.02107095115
6.22222222222
0.952924067592 0.943467580654
6.44444444444
1.07561661471 1.10038650696
6.66666666667
1.03082269128 1.09774746381
6.88888888889
1.02850120279 1.02623348346
7.0
0 0
