-0.166666666667
0 0
0.0
0.93262416124 1.12692432001
0.222222222222
0.949543823062 0.983402967338
0.555555555556
0.908095912039 1.02801398502
0.777777777778
1.02407354788 1.00347403788
1.0
0.893291237314 0.9935674172
1.22222222222
1.06806860147 1.09177434122
1.44444444444
1.00376059222 1.00549779449
1.66666666667
0.993262497865 0.861366710928
1.88888888889
1.03807288419 1.05006426394
2.0
0.990723225047 1.1513867028
2.11111111111
1.01640719269 1.09010169144
2.22222222222
0.914217755092 0.9153626492
2.33333333333
1.00799741576 1.03043447564
2.44444444444
0.906620593199 0.884947971656
2.55555555556
0.915850331709 0.93457430711
2.66666666667
0.943545895197 0.876531465627
2.77777777778
0.985256660441 1.02511332862
2.88888888889
0.997875743835 0.997899707668
3.0
1.03263151549 0.931800607806
3.11111111111
1.06622609058 0.955287467305
3.22222222222
0.948633999435 0.94692050647
3.33333333333
0.946009129157 0.860392891818
3.44444444444
0.864056090728 0.906306929167
3.55555555556
1.10687011664 0.993840638792
3.66666666667
1.11233627829 1.08074264393
3.77777777778
0.963537393896 0.962771099528
3.88888888889
1.05188633292 1.02242105893
4.0
0.894914036322 1.00671014751
4.11111111111
0.995951020133 0.998370973201
4.22222222222
1.04955475856 1.00485838691
4.44444444444
1.08694330128 1.01928706472
4.66666666667
1.06666023479 0.984474226087
4.88888888889
1.00996023342 1.08020969713
5.11111111111
0.995106605845 1.06023136885
5.33333333333
0.958331479516 0.960076355172
5.55555555556
1.04232530501 1.03137267889
5.77777777778
1.09897891625 1.09063159953
6.0
1.01871795652 1.09343677847
6.22222222222
0.987434835935 1.07243536402
6.44444444444
0.97925533132 0.983004598893
6.66666666667
1.02805853245 1.12122286024
6.88888888889
1.01108397122 1.00124360513
7.0
0 0
