-5.58823529412
0 0
-5.0
0.861912935808 0.975498347976
-3.06451612903
0.797591057275 0.946848620696
-2.74193548387
0.922791545762 0.861442616813
-2.09677419355
1.21978319442 1.02021556948
-1.77419354839
1.01051856357 1.04819955427
-1.45161290323
1.05669549185 1.04910079666
-0.806451612903
1.06647357752 1.00092425532
-0.483870967742
0.87118076265 0.930834540615
-0.161290322581
1.08537176702 1.07689414112
0.161290322581
1.03634759218 1.04630061359
0.483870967742
0.836630193268 0.845851518996
0.806451612903
0.894882303219 1.08331385904
1.12903225806
1.0205048826 0.930436598632
1.45161290323
1.20242161427 1.24821823279
1.77419354839
1.06427511104 1.01134415675
2.41935483871
1.06156507617 1.0005658057
2.74193548387
0.956445308317 1.05731436372
5.0
0 0
