-5.41666666667
0 0
-5.0
1.02074256195 0.954062757749
-4.03225806452
1.15673401686 1.07549261456
-3.38709677419
0.98713403318 1.00459541944
-3.06451612903
1.02719533903 0.977863423525
-2.74193548387
1.01560759432 1.01195813127
-2.41935483871
1.06067713634 1.05469519955
-2.09677419355
1.01046281196 0.985876869321
-1.77419354839
0.982441190453 0.960082035626
-1.45161290323
0.994266143768 1.00983960007
-1.12903225806
0.900418359054 0.928964542506
-0.806451612903
0.99956477967 1.07981786867
-0.483870967742
1.02898283456 1.04585896286
-0.161290322581
0.981705764583 0.979419242194
0.161290322581
0.994851060663 0.999620096237
0.483870967742
1.01051613753 1.01837523507
0.806451612903
0.918434081984 0.983647895429
1.12903225806
0.994912857989 0.997473248773
1.45161290323
0.944970826843 0.951084505389
1.77419354839
0.996812454556 0.990233763064
2.09677419355
1.0141213844 1.01646143819
2.41935483871
1.1201110897 1.08358343467
2.74193548387
1.00792000951 0.987305435995
3.06451612903
1.10818734874 0.982042651593
3.70967741935
0.986682236108 0.901280051216
5.0
0 0
