-53.8461538462
0 0
0.0
0.947646329186 0.841420350215
22.2222222222
1.08554303958 0.972476312517
44.4444444444
1.03002799777 0.916596522478
66.6666666667
1.06444531327 0.981626304015
88.8888888889
1.03609634614 0.984902256766
111.111111111
1.03835703523 0.952435052689
133.333333333
0.988619130539 0.943542950797
155.555555556
1.04554591373 1.025241059
177.777777778
1.04242857988 0.961254237524
200.0
1.07778884439 1.03509272167
222.222222222
1.00525188035 1.02815877387
244.444444444
0.969094774112 0.998759269888
266.666666667
0.98379604616 0.993658479143
288.888888889
0.939526757017 0.990964481206
311.111111111
0.988654323346 1.0266490283
333.333333333
0.969602496844 0.968222997189
355.555555556
0.9390610446 0.96659267966
377.777777778
0.957056914579 1.06618098184
400.0
0.95834850391 1.14295337515
422.222222222
1.00283789462 1.08745457287
466.666666667
0.869554595317 0.990439660178
511.111111111
0.900634572538 1.00609307503
577.777777778
0.993532374105 1.12238801745
644.444444444
0.92876409808 1.10833625572
733.333333333
0.905176049452 1.12329783783
911.111111111
0.854618063229 1.05203516358
1400.0
0 0
