-5.5
0 0
-5.0
1.04668610017 1.07227344467
-3.06451612903
1.04391365022 1.08770560512
-2.74193548387
1.01330219708 0.994748537276
-2.41935483871
1.02840505598 1.04063813219
-2.09677419355
0.997549427786 0.990746564847
-1.77419354839
1.00161138128 0.988087285029
-1.45161290323
1.01859967839 0.961840011043
-1.12903225806
0.977989388531 1.02674505345
-0.806451612903
0.957042941278 0.969141421141
-0.483870967742
0.975662896968 0.937573502472
-0.161290322581
1.02096395481 0.990975211485
0.161290322581
1.01167020953 0.998990974029
0.483870967742
0.998267267182 0.9932071257
0.806451612903
1.02938235454 1.01150375763
1.12903225806
0.966383477548 0.968245001479
1.45161290323
0.981706766712 0.996004153754
1.77419354839
1.00247559256 1.014989143
2.09677419355
1.01385930394 1.00560254613
2.41935483871
1.03549601402 1.01491140781
2.74193548387
0.93750969951 1.00082836253
5.0
0 0
