-42.1052631579
0 0
0.0
1.05344908777 0.844382963663
139.682539683
1.14921722457 1.21395347294
152.380952381
1.04050749596 1.01206891811
165.079365079
1.13760897345 1.21039354471
177.777777778
0.894643827152 0.90897805475
190.476190476
0.864501255701 1.02794444922
203.174603175
1.00823517554 1.03831670422
215.873015873
0.971319751397 0.941107903364
228.571428571
0.973316627524 1.04592604561
241.26984127
1.03377073972 1.0420259095
253.968253968
1.10467382702 1.02452932784
266.666666667
0.797416032758 0.926049085598
279.365079365
1.16903131126 0.881095222549
292.063492063
1.05141143563 0.881095230281
304.761904762
1.32452149503 0.985631961338
330.158730159
1.11026067166 0.881095268553
368.253968254
1.20029358083 0.900675228187
431.746031746
0.915478109461 1.03043336597
634.920634921
0.835794349591 0.941169914963
800.0
0 0
