68.9583333333
0 0
70.0
0.927618172435 0.926335939774
71.9841269841
1.04503546384 0.959840493149
74.3650793651
1.07980441916 0.983203250883
75.9523809524
0.91720805373 0.984806882881
76.746031746
0.948895040487 0.948333388044
77.5396825397
0.956483357349 0.992395231648
77.9365079365
0.99216137719 1.02588561259
78.3333333333
1.01679742622 0.996747571474
78.7301587302
1.01389934094 1.04930114698
79.126984127
1.01075411918 0.994970387331
79.5238095238
1.00775013828 0.980810637802
79.9206349206
1.01189188403 1.01060298161
80.3174603175
1.02010833889 0.988765023742
80.7142857143
0.999607546116 0.990712747499
81.1111111111
0.970319139189 1.04019219489
81.5079365079
0.974083539487 1.01264079038
81.9047619048
1.0066821862 1.06865569536
82.3015873016
0.92313827425 1.0278842647
82.6984126984
1.00262134301 0.963237166162
83.4920634921
0.966979587756 0.941377197618
84.2857142857
1.05555636984 1.15540593874
85.4761904762
0.966808267777 0.999958502234
87.4603174603
0.991580696468 0.958331229502
91.8253968254
1.18707476811 0.98281414293
95.0
0 0
