-26.6666666667
0 0
0.0
0.940268623238 1.04129435564
107.936507937
1.01131108004 1.015021713
126.984126984
1.17868430081 1.14090534198
139.682539683
0.845823879329 0.902241547734
146.031746032
0.870619090432 1.0679942992
152.380952381
1.01155055714 1.08760198578
158.73015873
1.00492086338 0.928508487513
165.079365079
0.919373811058 0.967406662239
171.428571429
0.962857673252 1.06366448892
177.777777778
0.956708783719 0.925820924336
184.126984127
1.11729445228 1.06057761609
196.825396825
1.00188168108 1.00158702288
209.523809524
1.09335244817 0.881095297291
241.26984127
1.23761859575 0.890777671769
304.761904762
0.864548734616 0.978096590972
400.0
0 0
