117.083333333
0 0
125.0
0.987761687318 0.992024466651
127.405063291
1.09359118267 1.07980522341
134.620253165
0.945723650855 0.959286577684
141.835443038
1.08310455096 0.966750196922
149.050632911
1.0480986484 1.01774859736
157.46835443
0.903402871697 0.89569747653
167.088607595
0.937495463674 0.950829580742
176.708860759
1.02292193508 0.950269847384
186.329113924
1.0247276281 1.05666148571
195.949367089
0.957282788288 0.960436060051
206.772151899
1.07892633753 1.10319894276
218.797468354
1.00593435158 1.0076672697
220.0
0 0
10000.0
0 0