-2.8125
0 0
-2.5
0.893835652153 1.12584402962
-2.33870967742
0.917357598592 0.919739751905
-1.85483870968
0.976536931551 0.86739945609
-1.37096774194
1.08117142099 1.03760560461
-1.04838709677
1.00862151858 1.15292254099
-0.725806451613
1.00487115883 1.10243321207
-0.403225806452
1.08997914614 1.35343495056
-0.241935483871
0.844723808678 0.963933287139
-0.0806451612903
0.719187567228 0.710560699421
0.0806451612903
1.0233505953 1.0069660464
0.403225806452
1.06329444259 0.938737029985
0.725806451613
1.10182679363 1.06276436184
0.887096774194
1.07975904754 1.01180721917
1.20967741935
1.15703503847 1.12084908857
1.53225806452
0.87986946627 0.784725464654
1.85483870968
1.02545530599 1.0369813111
2.5
0 0
