-5.55555555556
0 0
-5.0
1.09925124385 1.22587170482
-3.06451612903
1.06947556319 0.967406585085
-2.41935483871
0.972414548515 1.02417916584
-2.09677419355
0.905443863573 0.947844930971
-1.77419354839
1.00931251989 1.00368251364
-1.45161290323
0.986496183013 0.959068275298
-1.12903225806
1.03340463734 1.03135961087
-0.806451612903
0.997433800609 1.08890079084
-0.483870967742
1.07130424482 1.03043351453
-0.161290322581
0.910180032869 0.909290373888
0.161290322581
0.902956432447 0.925150080676
0.483870967742
1.02152640122 1.12960928468
0.806451612903
1.19518593672 1.11899098813
1.12903225806
1.00777505707 0.948871814613
1.45161290323
0.903583027637 0.840739722391
1.77419354839
0.917592102998 0.884510359971
2.41935483871
1.15929812891 1.15933586541
2.74193548387
1.01401519271 1.20502732245
5.0
0 0
