-0.368421052632
0 0
0.0
0.881450424074 1.02487856036
0.111111111111
0.968942549664 1.05978086938
0.222222222222
0.952559838989 1.02056170386
0.333333333333
1.01677174495 0.985768137591
0.444444444444
0.965114249331 1.00913655233
0.555555555556
1.04566044726 1.00922009205
0.666666666667
1.08758223918 0.98683044707
0.777777777778
1.06276623802 0.929347848989
0.888888888889
1.08023367372 0.995543732693
1.0
1.03936666381 0.932001785664
1.11111111111
1.02986555376 0.974221263555
1.22222222222
1.01389433361 0.916113193864
1.33333333333
1.03774005223 0.957387091751
1.44444444444
1.08615389619 1.05124848503
1.55555555556
1.05143774324 0.946204377265
1.77777777778
1.07630676671 1.02262697913
2.11111111111
0.979184191338 0.937139252068
2.44444444444
0.952101327215 0.898712239305
2.88888888889
1.08706273697 0.907316013906
7.0
0 0
