-5.5
0 0
-5.0
0.97629105089 0.959021920122
-3.06451612903
1.00959278707 0.98130548408
-2.74193548387
1.00255065752 0.98036368945
-2.41935483871
0.981136519861 1.00766869702
-2.09677419355
0.993516223534 0.996901816596
-1.77419354839
1.02515252577 1.0038669497
-1.45161290323
1.00440485885 1.04538707147
-1.12903225806
0.952852023011 1.00165093698
-0.806451612903
1.06116550342 1.01119112268
-0.483870967742
1.00331540673 0.970702068342
-0.161290322581
0.986107600363 1.01133002914
0.161290322581
1.02000042379 1.06899160941
0.483870967742
1.06492856363 1.04333432915
0.806451612903
1.02623353748 1.04758176847
1.12903225806
0.970731284604 1.02515786496
1.45161290323
0.982093031366 0.93165765953
1.77419354839
0.977912373591 0.948101352961
2.09677419355
0.989681983297 1.00246397798
2.41935483871
1.00022477733 0.994604012998
2.74193548387
0.968422730699 0.95841645307
5.0
0 0
