-2.83333333333
0 0
-2.5
0.90134682289 0.889733456017
-2.17741935484
1.11214572613 1.11558026474
-1.85483870968
1.07260272243 1.12258065433
-1.53225806452
1.01443249835 1.01706677135
-1.20967741935
1.03844930803 1.08809958924
-0.887096774194
0.973454638393 1.10396059332
-0.564516129032
0.844057837661 0.891051192291
-0.241935483871
0.989788285429 0.814885815918
0.0806451612903
0.909796947307 1.02269988476
0.403225806452
0.988046506943 1.04764377752
0.725806451613
0.994266590233 0.950394879209
1.04838709677
1.11521669617 1.02707557952
1.37096774194
0.987810287723 0.871195305942
1.6935483871
0.869893607554 0.936163748
2.01612903226
1.22362700616 1.15366428186
2.5
0 0
