-30.7692307692
0 0
0.0
1.16197676243 0.957353573857
12.6984126984
0.999205254066 0.978723087332
25.3968253968
1.00927608002 0.94753353612
38.0952380952
0.97599861618 0.932071340121
50.7936507937
1.0507214081 1.02351552875
63.4920634921
1.09505829853 0.973763856048
76.1904761905
1.09695330622 1.00011499508
88.8888888889
1.03362070116 0.973243260515
101.587301587
0.981127041241 0.964910247333
114.285714286
0.9440368834 0.92262611705
126.984126984
1.04891827095 0.996009622504
139.682539683
1.05380060644 1.02048685437
152.380952381
1.02130592031 0.993566574562
165.079365079
1.01954260596 1.04479026284
177.777777778
1.01981238782 1.04378138771
190.476190476
0.95795045423 0.926929178968
203.174603175
0.901728876811 1.02691669927
215.873015873
1.01126723839 1.07384751555
228.571428571
0.873913037719 1.03360687309
241.26984127
0.908422505542 1.04377434656
266.666666667
1.01171923267 1.07361828969
292.063492063
0.987265105863 1.0159150917
317.46031746
0.961034227141 1.17089953742
355.555555556
0.874293506216 1.03789339794
406.349206349
0.898112279859 1.11653930381
507.936507937
0.816176230355 1.02918199655
800.0
0 0
