-5.5
0 0
-5.0
1.04643528252 1.15870672899
-3.06451612903
1.01524199527 1.01487878739
-2.74193548387
1.00004913098 0.994821251777
-2.41935483871
1.03689764642 1.05199882274
-2.09677419355
0.986866175263 1.02331148906
-1.77419354839
1.00126493529 0.968281446252
-1.45161290323
0.976409322631 0.951997777488
-1.12903225806
1.01962519388 1.00224380904
-0.806451612903
0.98272718417 1.02029960885
-0.483870967742
1.01899539002 0.999123935812
-0.161290322581
1.03764205851 0.966813365159
0.161290322581
0.988930489735 1.00023013516
0.483870967742
1.04025799103 0.947103851853
0.806451612903
0.937704388087 1.00928011061
1.12903225806
0.969713150549 0.943917951883
1.45161290323
1.01268869909 1.01544554926
1.77419354839
1.00617961867 1.027395574
2.09677419355
1.02565083416 1.02754900314
2.41935483871
0.98333502708 1.01970166769
2.74193548387
0.964951845301 0.989571883459
5.0
0 0
