-5.71428571429
0 0
-5.0
0.792563573543 0.729182273229
-2.41935483871
0.892853308801 1.03020370429
-1.77419354839
0.996586783239 0.915513071501
-1.45161290323
1.35054002187 1.02258502527
-1.12903225806
0.902956367816 0.939189443217
-0.806451612903
0.95087516239 0.975019089064
-0.483870967742
0.984329532834 1.18756322478
-0.161290322581
0.973404087241 1.07506774951
0.161290322581
1.02484306162 0.949752052316
0.483870967742
1.03654884079 0.907009819832
0.806451612903
0.985043308014 0.996896329949
1.12903225806
0.92221133679 1.00618906044
1.45161290323
1.12095781881 1.10498016583
1.77419354839
0.985043420848 0.881095319471
5.0
0 0
