-0.227272727273
0 0
0.0
0.861912935808 0.723756838821
0.483870967742
0.964285695745 1.12415594778
0.806451612903
0.849421406053 0.932173227174
0.967741935484
1.05727983165 1.11605402058
1.12903225806
1.09028297354 1.02794443004
1.29032258065
0.995198315394 0.9265125161
1.45161290323
0.898478968022 0.873085288855
1.61290322581
1.30012455715 1.21929345839
1.77419354839
0.849048498632 0.894245961677
1.93548387097
1.07739118139 1.01188287779
2.09677419355
0.982395326157 1.06584101031
2.25806451613
1.11836570823 1.12945764109
2.41935483871
1.01274766264 0.958191099063
2.58064516129
1.09139502074 1.02517377317
2.74193548387
0.787309063499 0.915170822351
2.90322580645
0.930654433711 0.913528194178
3.06451612903
0.92419570284 1.0166484125
3.22580645161
0.975498348821 1.16796348467
3.38709677419
1.13256187474 1.08540722492
3.54838709677
1.30484041133 1.01876638552
3.87096774194
1.30244620213 1.057314371
4.1935483871
0.666212852452 0.715091778099
5.0
0 0
