138.333333333
0 0
150.0
0.935063985698 1.11377838998
172.222222222
0.957839923167 1.04443301593
177.777777778
0.937682809833 0.970216691847
183.333333333
0.993009855644 1.02345665762
188.888888889
0.983152414475 0.991930763688
194.444444444
1.02935313841 1.05683785274
200.0
0.921298527789 1.01530896045
205.555555556
1.00970720988 1.0150796627
211.111111111
0.90796865059 0.980456578615
216.666666667
1.131997005 0.998126903139
222.222222222
1.08859764506 1.07296204056
227.777777778
0.940695048717 0.93787505757
238.888888889
0.906149992842 0.887813403392
250.0
1.11783826363 1.1034999075
261.111111111
1.06144711205 0.917296449249
272.222222222
0.872972785123 0.847438353892
283.333333333
1.02690789192 0.967340505
294.444444444
1.0221223604 1.02584420886
305.555555556
1.00111535695 0.985765987908
316.666666667
0.92940416561 0.901471980029
327.777777778
1.06166554841 1.07566890585
344.444444444
1.00615880425 0.985297421465
361.111111111
1.06808865422 0.961931577729
377.777777778
0.975338568956 0.917193186637
394.444444444
1.05737389996 1.10459590545
411.111111111
0.985154749959 0.972224586387
427.777777778
1.0386346941 0.981321745894
450.0
1.01204434989 0.971023629355
472.222222222
1.11481364216 1.00341531739
494.444444444
1.00963747757 1.0177577262
500.0
0 0
