-2.83333333333
0 0
-2.5
0.750015451163 1.03876494811
-2.17741935484
1.13847686727 1.07048959745
-1.85483870968
1.03709840614 0.995709239149
-1.53225806452
0.932232140524 1.13987850158
-1.20967741935
0.936160057943 0.980094695397
-0.887096774194
0.92159453622 0.949199260517
-0.564516129032
1.14265023213 1.05227951316
-0.241935483871
1.24063225269 1.13641261559
0.0806451612903
0.985876671518 0.934766066825
0.403225806452
0.983219217632 0.876200328838
0.725806451613
0.934123071682 0.998888749275
1.04838709677
1.01787808925 0.956617721638
1.37096774194
0.980451082462 0.92422578648
1.6935483871
0.937053974532 0.921761213672
2.01612903226
1.00232480578 1.10633770631
2.5
0 0
