-5.52631578947
0 0
-5.0
0.943999885676 1.06990141391
-3.06451612903
1.12095781881 0.982204643271
-2.74193548387
0.729158483766 0.862865699722
-2.41935483871
0.94789449371 0.82321313113
-2.09677419355
1.19918328041 1.07263779259
-1.77419354839
0.921128313245 0.820562027664
-1.45161290323
1.0205048826 0.937485400433
-1.12903225806
1.13867396985 1.18018261966
-0.806451612903
0.95014022024 0.964348327293
-0.483870967742
1.05768661788 1.09941972047
-0.161290322581
1.02929898808 0.950050619098
0.161290322581
0.898892642945 1.09046436263
0.483870967742
1.10052155937 1.05283417654
0.806451612903
0.913721914094 0.909983682314
1.12903225806
1.0806071954 0.867944547905
1.45161290323
0.909380669857 1.17990158167
1.77419354839
1.12813065015 1.2610170854
2.09677419355
1.0755494585 0.990290889228
2.74193548387
0.840702526206 1.08806389876
5.0
0 0
