164.130434783
0 0
165.0
1.06760134758 0.955186138395
167.222222222
0.914284805338 0.971127349238
168.80952381
1.02961596252 1.02124102107
169.761904762
0.95669946338 0.926882034047
170.396825397
1.01402768941 0.994154132476
170.714285714
1.07864412302 1.09676047865
171.031746032
0.929545024554 0.955228646373
171.349206349
1.0015053962 1.03117126721
171.666666667
0.979998913636 0.946361658789
171.984126984
0.967271669158 0.98673877003
172.301587302
1.02491206709 0.980491059821
172.619047619
1.01501297355 1.02994740921
172.936507937
1.01186544531 1.04939768038
173.253968254
1.01917996841 1.02225048221
173.571428571
0.974186764656 1.00374015533
173.888888889
0.994761661752 1.01597388688
174.206349206
1.07696861005 1.07812700817
174.523809524
0.960099228984 0.977151063257
175.158730159
0.909032578207 0.948155581326
176.111111111
1.02498580486 0.991751697325
177.063492063
0.978324946648 0.971185903386
178.968253968
1.02046776974 1.01957292119
182.777777778
1.07377859732 1.05011976459
185.0
0 0
