-0.233333333333
0 0
0.0
0.994588578938 1.13337735554
0.111111111111
1.00195583763 0.934839848767
0.555555555556
1.12450377272 0.94192688165
0.777777777778
1.09364103676 0.950680267592
1.0
1.05551107204 0.945403522813
1.22222222222
1.01244026311 0.926791828049
1.33333333333
1.16180751306 1.03611958202
1.44444444444
1.05534700205 0.991238864493
1.55555555556
1.0024032141 0.976833923248
1.66666666667
1.02537721012 0.962507754494
1.77777777778
0.989892766883 0.96586247982
1.88888888889
1.05858815869 0.918883381892
2.0
1.00907681725 0.929236497888
2.11111111111
1.03276900757 0.960305925551
2.22222222222
1.02858365678 0.983505821071
2.33333333333
0.962356560977 1.02729431002
2.44444444444
1.04103380544 1.01022255719
2.55555555556
1.06637469619 1.02139267421
2.66666666667
1.02384116443 0.995207694625
2.77777777778
1.03730457426 1.00343441181
2.88888888889
0.92684183869 0.989528744484
3.0
0.903487850851 0.992096908488
3.11111111111
0.97476962794 1.08518201845
3.22222222222
0.939945616519 1.01849061526
3.33333333333
1.0815416865 1.14734955446
3.44444444444
1.00873670986 1.02713304007
3.55555555556
0.949967586579 1.01333495607
3.66666666667
0.956963442691 1.00967839599
3.88888888889
1.02732191553 1.02991063036
4.33333333333
0.814354565931 0.983248706615
7.0
0 0
