-5.625
0 0
-5.0
1.30592873569 1.52189189265
-3.06451612903
0.911091186998 0.904908676287
-2.74193548387
1.00313035138 0.97816514369
-2.41935483871
1.21247689699 1.15997400323
-1.77419354839
0.919373805768 1.12626968713
-1.45161290323
1.10133318429 1.11605403721
-1.12903225806
0.962135412368 0.80596310252
-0.806451612903
0.888031543044 1.03765356196
-0.161290322581
0.95918912222 0.967817225676
0.483870967742
1.09658134171 0.955080366008
0.806451612903
0.878813175523 0.977349309702
1.12903225806
0.960820987555 1.01109299063
1.45161290323
1.13153688638 0.813318723055
1.77419354839
1.03783936502 1.14115426264
2.41935483871
1.01733991273 0.895539508633
2.74193548387
0.850012767781 0.849813826572
5.0
0 0
