-5.41666666667
0 0
-5.0
0.991158927442 0.991775913682
-4.03225806452
0.993645867711 0.857564720135
-3.38709677419
0.935158875914 0.963887807453
-3.06451612903
0.962069154384 0.951098440658
-2.74193548387
1.03369405565 0.911013578076
-2.41935483871
1.10908849029 0.996071587782
-2.09677419355
1.00719749461 1.00316518033
-1.77419354839
1.02994036857 1.04484960048
-1.45161290323
0.956778409253 0.985310752231
-1.12903225806
0.98662428919 1.01488527994
-0.806451612903
1.00465156893 1.02957411049
-0.483870967742
1.00605875625 1.06062251244
-0.161290322581
0.943926166415 1.02583014718
0.161290322581
0.969029766834 0.993362077037
0.483870967742
0.955604048974 0.978759611207
0.806451612903
0.942599953022 0.99980623786
1.12903225806
1.03287403968 1.00545671985
1.45161290323
1.01911275743 0.995092414482
1.77419354839
0.984612944702 0.98130377985
2.09677419355
1.04378129766 0.988827550859
2.41935483871
0.993948797672 0.978174727814
2.74193548387
1.14280178209 1.01598137403
3.06451612903
1.04185104614 1.0367526485
3.38709677419
1.11699020823 0.984920554805
5.0
0 0
